0 0.79296875 0.4796875 0.06015625 0.053125
0 0.61953125 0.353125 0.25078125 0.0734375
0 0.12265625 0.628125 0.2375 0.28984375
0 0.05 0.890625 0.1 0.209375
0 0.559375 0.84296875 0.37109375 0.26640625
0 0.75703125 0.68984375 0.078125 0.0734375
0 0.5234375 0.53671875 0.1296875 0.0796875
0 0.3859375 0.6234375 0.06015625 0.03984375
0 0.33671875 0.41484375 0.06015625 0.04296875
0 0.70234375 0.446875 0.11171875 0.06640625
0 0.71953125 0.5234375 0.046875 0.03359375
0 0.8359375 0.61171875 0.05625 0.05703125
0 0.79765625 0.7765625 0.06015625 0.06015625
0 0.3828125 0.31796875 0.1703125 0.04296875