0 0.28125 0.64296875 0.4125 0.26640625
0 0.253125 0.41640625 0.07734375 0.03984375
0 0.134375 0.8984375 0.12734375 0.196875
0 0.63984375 0.71484375 0.14140625 0.14296875
0 0.69296875 0.871875 0.08515625 0.13671875
0 0.81015625 0.825 0.12109375 0.14296875
0 0.82734375 0.66328125 0.1625 0.1203125
0 0.878125 0.5546875 0.23515625 0.14296875
0 0.71171875 0.45703125 0.08515625 0.0796875
0 0.76953125 0.3984375 0.13125 0.0703125
0 0.6 0.53984375 0.14609375 0.146875
0 0.47890625 0.421875 0.07109375 0.0703125
0 0.94765625 0.79296875 0.1 0.13359375
0 0.49296875 0.73203125 0.06484375 0.11015625