0 0.66796875 0.61171875 0.26328125 0.196875
0 0.325 0.8515625 0.43671875 0.2765625
0 0.8015625 0.93671875 0.3296875 0.1203125
0 0.91796875 0.7453125 0.15703125 0.13671875
0 0.34140625 0.4546875 0.38984375 0.16328125
0 0.68671875 0.38359375 0.153125 0.06640625
0 0.8765625 0.43671875 0.13984375 0.1
0 0.971875 0.51328125 0.05 0.06015625
0 0.6265625 0.18359375 0.153125 0.053125
0 0.48203125 0.278125 0.18984375 0.06328125
0 0.4015625 0.21796875 0.08359375 0.03671875
0 0.21640625 0.228125 0.19296875 0.0703125
0 0.69296875 0.125 0.1 0.03671875
0 0.58671875 0.10703125 0.13359375 0.03984375
0 0.33984375 0.15703125 0.246875 0.06640625
0 0.75 0.06796875 0.1796875 0.0703125
0 0.56796875 0.34296875 0.13671875 0.053125
0 0.68828125 0.28203125 0.06328125 0.03671875
0 0.04140625 0.709375 0.0828125 0.10625