0 0.4140625 0.4796875 0.3921875 0.30703125
0 0.15234375 0.80703125 0.3046875 0.21328125
0 0.82734375 0.51484375 0.25 0.1234375
0 0.8296875 0.63359375 0.25 0.13359375
0 0.79375 0.81015625 0.2171875 0.253125
0 0.69375 0.378125 0.2625 0.1234375
0 0.66484375 0.275 0.1546875 0.05703125
0 0.37890625 0.16484375 0.17265625 0.0703125
0 0.575 0.1953125 0.175 0.0765625
0 0.7390625 0.15859375 0.1375 0.08984375
0 0.6578125 0.0953125 0.1046875 0.05
0 0.5484375 0.0703125 0.1171875 0.03984375
0 0.4390625 0.0953125 0.1171875 0.04296875
0 0.26015625 0.11328125 0.08515625 0.03359375
0 0.29140625 0.06328125 0.0625 0.0203125
0 0.3109375 0.0234375 0.0578125 0.0203125
0 0.3796875 0.03984375 0.06015625 0.0265625