0 0.56328125 0.80859375 0.221875 0.18359375
0 0.5609375 0.5 0.18125 0.09296875
0 0.640625 0.4015625 0.14453125 0.06328125
0 0.65078125 0.3296875 0.1015625 0.03984375
0 0.540625 0.371875 0.1265625 0.05703125
0 0.39609375 0.425 0.09921875 0.04296875
0 0.39375 0.38515625 0.08125 0.03671875
0 0.4671875 0.33203125 0.05234375 0.0234375
0 0.58671875 0.3 0.075 0.0265625
0 0.553125 0.2765625 0.07890625 0.0265625
0 0.10625 0.7546875 0.09921875 0.08984375
0 0.60625 0.23828125 0.0546875 0.0234375
0 0.3515625 0.346875 0.07890625 0.03359375