0 0.34296875 0.46015625 0.08671875 0.03984375
0 0.33359375 0.41875 0.06015625 0.02734375
0 0.3203125 0.62109375 0.06640625 0.0328125
0 0.28359375 0.72109375 0.09296875 0.0421875
0 0.43671875 0.7984375 0.21328125 0.1375
0 0.86640625 0.66015625 0.053125 0.05
0 0.6453125 0.69140625 0.05703125 0.05234375
0 0.528125 0.41875 0.05 0.02265625
0 0.76640625 0.38359375 0.146875 0.0375
0 0.91171875 0.43515625 0.04296875 0.025
0 0.86171875 0.4609375 0.04296875 0.02265625
0 0.95859375 0.53984375 0.0765625 0.025
0 0.94296875 0.5109375 0.06015625 0.0171875
0 0.675 0.5765625 0.06328125 0.02734375
0 0.7296875 0.6203125 0.03984375 0.025
0 0.61171875 0.9390625 0.11640625 0.1171875