0 0.640625 0.81171875 0.259375 0.203125
0 0.653125 0.49140625 0.2078125 0.08984375
0 0.75390625 0.38828125 0.18046875 0.05
0 0.76640625 0.31328125 0.12265625 0.03984375
0 0.68984375 0.28359375 0.10625 0.03359375
0 0.64375 0.25703125 0.0953125 0.0265625
0 0.71015625 0.21640625 0.065625 0.0265625
0 0.43828125 0.41015625 0.12265625 0.046875
0 0.44296875 0.36640625 0.0875 0.03984375
0 0.53671875 0.31484375 0.0734375 0.0296875
0 0.38671875 0.3265625 0.08984375 0.03359375
0 0.334375 0.36796875 0.0625 0.0296875
0 0.075 0.753125 0.12265625 0.1